+17868779571
+17792679771
+17144762785
+13432634053
+17809525332
+12513690560
+14252184450
+15303959903
+19124290771
+12145414001
+18065591836
+15152108728
+14064900497
+13152781556
+15038944090  
+13132138314
+18014589047
+16058400009
+17147433395
+17147433395 
+16468660519 
Zee, [12/31/25 12:05]
+14705584364
+15868999582
+13785069334
+18038601598
+15172259032
+18645359082

Zee, [12/31/25 12:05]
+12297266540
+17073501107
+14143743120
+13524360858 @ing158
@cashmoney605  
+1 862 353 4825
+1 443 904 4901
@Bulldaddy2271
+1 973 979 8283
+13307154094
@ddsilve1948 
+12767349665
+1 214 477 9118 
+13092628614

@MikeG5051
+1 717 654 4196
14437435879
13613625784
14244828444
16263543119
15593879538
@byrdman09
@Dizlioss
Zee, [1/2/26 23:12]
+1 808 260 3460 
Zee, [1/2/26 23:13]
+1 952 843 8916
Zee, [1/2/26 23:13]
+1 918 805 5422
+19528438916
Zee, [1/2/26 23:20]
+18082603460

Zee, [1/2/26 23:21]
+19188055422
+1 302 593 3027 
+1 860 908 3356 
Zee, [1/3/26 20:52]
+1 417 770 4005 
Zee, [1/3/26 20:53]
+1 531 721 1343 
Zee, [1/3/26 20:54]
+1 302 593 3027 
+14194386949

+1219 840 2684

+1870 565 6784

+1931 638 3437

+12707023391

+1813 420 8398  
+1405 537 3886

+13473736153

+18656962204

+19204182282

+17792679771 
+14052212723
+18125282502
+16027997869
+12526175540
+12604032296
+12192014515
+16027526552 
+19316383437
+12148134938
+18149777176
+18436147174
+13363450795
+12564789060
+14844103184
+14193045537
+16785084784
+16319019028
+1304-919-9414
+1905-414-4381
+1868-365-6506
+1405 537 3886
+1903-449-5601 
+1805-298-5546 
+1901-425-8023

+1931-383-0966

+1678-908-1014

+14059210202

+1405-853-5684
+1323-742-8714

+19189649130

+1503-901-7593

+1252-305-5141

+1910-916-8995
@vasilev0904
+1 252 939 6133
@NikiAngelo8128
@jcruz079
@ddsilve1948


+1 347 698 3281


+1 973 979 8283


+1 419 561 3938


+1 619 884 6554


+1 315 521 3219


@Fisherman0423


@MikeG5051

+1 626 222 8809


+1 201 618 7414

+1 407 486 1398
+18083210267

+18085185970

+12172483907

+13863077494

+19257876384

+15512646664

+19372704412

+12564789060

+19293210420

+15016724056